0.1 403
0.101 405
0.102 384
0.103 374
0.104 378
0.105 367
0.106 354
0.107 352
0.108 352
0.109 342
0.11 337
0.111 338
0.112 328
0.113 322
0.114 313
0.115 308
0.116 305
0.117 304
0.118 295
0.119 289
0.12 287
0.121 279
0.122 280
0.123 273
0.124 267
0.125 269
0.126 264
0.127 257
0.128 251
0.129 256
0.13 248
0.131 250
0.132 241
0.133 245
0.134 239
0.135 235
0.136 232
0.137 234
0.138 221
0.139 228
0.14 222
0.141 219
0.142 218
0.143 214
0.144 215
0.145 214
0.146 209
0.147 205
0.148 205
0.149 206
0.15 202
0.151 200
0.152 202
0.153 195
0.154 194
0.155 193
0.156 193
0.157 194
0.158 191
0.159 187
0.16 188
0.161 188
0.162 184
0.163 185
0.164 184
0.165 183
0.166 180
0.167 183
0.168 177
0.169 176
0.17 177
0.171 174
0.172 174
0.173 172
0.174 172
0.175 173
0.176 169
0.177 172
0.178 168
0.179 167
0.18 167
0.181 167
0.182 167
0.183 166
0.184 161
0.185 159
0.186 162
0.187 163
0.188 158
0.189 159
0.19 156
0.191 158
0.192 156
0.193 158
0.194 158
0.195 155
0.196 154
0.197 152
0.198 154
0.199 154
